"model" "SSB" "yield" "growth" "rank" "SSB_error" "yield_error" "growth_error"
"1" "BOMP (Full)" 0.0747336280471486 0.0336606244461802 0.179373706716333 0.287767959209662 0.720980059684867 3.1641834901024 70952.5029362427
"2" "BOM" 0.0395168336256443 0.0294135221998213 0.249431545621556 0.318361901447021 0.696515441254167 3.10197133331141 77711.6364307881
"3" "BOP" 0.115936101401675 0.0341501983888899 0.190643766321655 0.34073006611222 0.749602846215491 3.17135483873446 72039.8307578574
"4" "BMP" 0.3 0.0339378250776827 0.107812258204123 0.441750083281805 0.87746948257594 3.168243964315 64048.3021913206
"5" "OMP" 0.0125883874985141 0.0493288981337321 0.00463413395089626 0.0665514195831425 0.677808623377818 3.39369458796446 54093.7456928276
"6" "BO" 0.033761087201409 0.0482211988302544 0.3 0.381982286031663 0.692517004077647 3.37746885127438 82590.4471263213
"7" "BM" 0.0501893513061815 0.0165444124563977 0.0940935987996604 0.16082736256224 0.703929491199321 2.91346278638278 62724.735096903
"8" "BP" 0.182177905003968 0.0494062640032634 0.10469676747365 0.336280936480882 0.795620108033675 3.39482785420726 63747.7217269878
"9" "OM" 0.0283024941446638 0.0234395328846836 0.00669434681181703 0.0584363738411644 0.688724995222344 3.01446348951986 54292.5136532978
"10" "OP" 0 0.0376643440537821 0 0.0376643440537821 0.669063645253946 3.22283054344068 53646.6475451373
"11" "MP" 0.214828796723142 0.0393475541368564 0.0270807916382353 0.281257142498233 0.818302229460488 3.24748644375251 56259.3842307269
"12" "B" 0.0573552786794778 0.00586159690114098 0.192891507666385 0.256108383247004 0.708907561514055 2.75697938717507 72256.6913411648
"13" "O" 0.0974054578797952 0.1 0.00462212037763892 0.202027578257434 0.736729865284516 4.13593208337192 54092.5866313056
"14" "M" 0.0658239954627917 0 0.00894490659388802 0.0747689020566798 0.714790661554953 2.67111788342342 54509.646157557
"15" "P" 0.130793819810826 0.0197565739042591 0.0196626836532108 0.170213077368296 0.75992429703467 2.96051498339633 55543.6901280931
"16" "None" 0.0276855521483363 0.00809872022647928 0.00666419172604258 0.0424484641008581 0.688296414177932 2.78974908731499 54289.6043107678
