"model" "SSB" "yield" "growth" "rank" "SSB_error" "yield_error" "growth_error"
"1" "BOMP (Full)" 0.00835024436173555 0.0100980249634163 0.0420119278652968 0.0604601971904486 4.42693912774241 11.3455936817947 134639.737200112
"2" "BOM" 0.00630760908645349 0.00576982068999001 0.0472184535361191 0.0592958833125626 3.81536400087574 8.77717604185214 135001.623832969
"3" "BOP" 0.00757455590027205 0.0109591721093462 0 0.0185337280096183 4.19469415725298 11.8566105794426 131719.641136779
"4" "BMP" 0.3 0.1 0.169888532457493 0.569888532457493 91.7483216885504 64.6946973660456 143527.974151754
"5" "OMP" 0.00560720516263344 0.0040112101963793 0.399661151842814 0.409279567201827 3.60565959414605 7.73359169873096 159498.631901146
"6" "BO" 0.00794678001070393 0.00813762278206141 0.0126682899080464 0.0287526927008118 4.30613990105018 10.1822632967462 132600.167819779
"7" "BM" 0.00334011912929419 0.00468200729901043 0.0894721249299421 0.0974942513582468 2.9268827977032 8.13165218811177 137938.522608338
"8" "BP" 0.180457431186215 0.0703876660988091 0.162919171891278 0.413764269176302 55.9566840070933 47.1223195513821 143043.559287038
"9" "OM" 0.00272609949322446 0.000150519508194264 0.405096394176927 0.407973013178346 2.74304227493727 5.44260323342759 159876.415796091
"10" "OP" 0.00455970515698969 0.00287249892472338 0.459888136987497 0.46732034106921 3.29203289994536 7.05786432262742 163684.790241494
"11" "MP" 0.208133880222967 0.068617013349411 0.548392458699008 0.825143352271386 64.2431500422663 46.0715891633345 169836.403236889
"12" "B" 0.00408440098211122 0.00507149088717648 0.0156733733738205 0.0248292652431082 3.14972447387971 8.36277725872261 132809.040224457
"13" "O" 0.00264925157472824 0 0.448442447297599 0.451091698872327 2.72003362720045 5.35328282810957 162889.242045925
"14" "M" 0 0.000382953910191247 0.508607054657396 0.508990008567587 1.92683457325166 5.58053309544539 167071.064733678
"15" "P" 0.162627508369852 0.0526144383969544 0.6 0.815241946766806 50.6183167320375 36.5754348240533 173423.455434886
"16" "None" 0.000148864276716595 0.000536830799890436 0.55769563403698 0.558381329113587 1.97140527562842 5.67184581843987 170483.033064685
