"model" "SSB" "yield" "growth" "rank" "SSB_error" "yield_error" "growth_error"
"1" "BOMP (Full)" 0.090971896739796 0.0324841528418542 0.230467254606424 0.353923304188074 0.752194835604351 3.44646690629545 68824.6286193482
"2" "BOM" 0.107589732563086 0.02922016867084 0.3 0.436809901233926 0.763532891830728 3.36802870446212 73290.8257946043
"3" "BOP" 0.134506942953966 0.0346989101371746 0.222563902905407 0.391769755996548 0.781898029632926 3.49969068761305 68316.9839572205
"4" "BMP" 0.270074107337832 0.00623855916338887 0.134979813044498 0.411292479545719 0.874393114346697 2.81574780156788 62691.3206453516
"5" "OMP" 0.0563315637073934 0.0311476990103825 0 0.0874792627177759 0.728560347467734 3.41435001176365 54021.35577738
"6" "BO" 0.117681596386957 0.040236622294211 0.199481583146059 0.357399801827227 0.770418392486814 3.632769820694 66834.3703954514
"7" "BM" 0.0882337739330107 0.00562318912948772 0.247805734252092 0.341662697314591 0.750326662716607 2.80095958067209 69938.3063316031
"8" "BP" 0.0845476256669938 0.0229662862344252 0.127894263370623 0.235408175272042 0.747811668782181 3.21773897660569 62236.2046886974
"9" "OM" 0.0906861895433498 0.02431067982058 0.0130406640178937 0.128037533381823 0.751999902624387 3.25004667478349 54858.9780583717
"10" "OP" 0.0853990549135082 0.0337651429310272 0.011448002980101 0.130612200824636 0.748392583936983 3.4772509278766 54756.6789446538
"11" "MP" 0.222822365849387 0.00326755169382408 0.0163496900555555 0.242439607598766 0.842154084698842 2.74435024835191 55071.5219851015
"12" "B" 0.000902360660882988 0.0087326841762566 0.190084197870182 0.199719242707322 0.690741980057713 2.8756851881809 66230.761616072
"13" "O" 0.3 0.1 0.00829704444164986 0.40829704444165 0.894811022986319 5.06896915167042 54554.2879410465
"14" "M" 0.0796147829355052 0 0.00677961161895138 0.0863943945544566 0.744446077206947 2.66582631384969 54456.820853446
"15" "P" 0.115782955730555 0.0118951706033151 0.0212877227745192 0.148965849108389 0.76912298346094 2.95168425424981 55388.6995631753
"16" "None" 0 0.00434178720994328 0.0115008210423947 0.015842608252338 0.69012631529737 2.77016566221886 54760.0715315463
