"model" "SSB" "yield" "growth" "rank" "SSB_error" "yield_error" "growth_error"
"1" "BOMP (Full)" 0.082972795387666 0.0203632578922594 0.203322137781278 0.306658191061203 0.720996280881906 2.99213751809049 70113.4145600038
"2" "BOM" 0.0305344322406857 0.00901902129619499 0.3 0.339553453536881 0.681712983522407 2.81473025679302 77809.0206405587
"3" "BOP" 0.0707438589876432 0.0166829965620323 0.199707303296043 0.287134158845718 0.711835183620994 2.93458361590186 69825.6719309639
"4" "BMP" 0.3 0.00546463022789542 0.144605055799215 0.45006968602711 0.883578476477729 2.75914478132559 65439.505530951
"5" "OMP" 0.0451506073832785 0.016732949617002 0.00066633605005003 0.0625498930503306 0.692662439606222 2.93536480858949 53981.9116050228
"6" "BO" 0 0.0156134549301131 0.247527513790812 0.263140968720925 0.658838639064853 2.91785754974874 73632.1845514477
"7" "BM" 0.107666816916804 0.000993110296895674 0.204177946350662 0.312837873564361 0.739495382160334 2.68921675240287 70181.5373492256
"8" "BP" 0.178265824449726 0.0310820628332785 0.102853389946647 0.312201277229652 0.792383413741866 3.15976394344447 62116.0520925475
"9" "OM" 0.0371353944268425 0.0040130326538649 0.00209476348851046 0.0432431905692178 0.686657980750692 2.7364439192681 54095.6151419937
"10" "OP" 0.0039185573795645 0.0267556520257092 0 0.0306742094052737 0.661774158892774 3.09210520888626 53928.8709228979
"11" "MP" 0.0768488142639647 0.0317113749675539 0.0236374486875779 0.132197637919096 0.716408605808372 3.16960546440515 55810.4236349076
"12" "B" 0.0408165311963795 0.0137438948161147 0.142444913795731 0.197005339808225 0.689415641014293 2.8886203651355 65267.5571494357
"13" "O" 0.11611820507678 0.1 0.00220024039118872 0.218318445467968 0.745826594163621 4.23753963892506 54104.011156086
"14" "M" 0.0995855314093378 0 0.0052275421294911 0.104813073538829 0.733441426190218 2.67368596049399 54344.9858852567
"15" "P" 0.0405484284638029 0.0274021192922789 0.0131742366301065 0.0811247843861882 0.689214796465862 3.10221501101436 54977.546733374
"16" "None" 0.0417651938250324 0.00616935606288059 0.010442153233658 0.058376703121571 0.69012631529737 2.77016566221886 54760.0715315463
