"model" "SSB" "yield" "growth" "rank" "SSB_error" "yield_error" "growth_error"
"1" "BOMP (Full)" 0.160883793838439 0.0454915764828685 0.14205374756628 0.348429117887587 0.767942621291574 3.27563128540095 70944.7264272188
"2" "BOM" 0.0768252090404327 0.0401932444169312 0.1745683313813 0.291586784838664 0.727285147968624 3.20534464184018 74812.5256232574
"3" "BOP" 0.0375925262219755 0.0551110618897446 0.13598331768968 0.2286869058014 0.708309075995579 3.403241509452 70222.6134231004
"4" "BMP" 0.123329129193816 0.0282873481969713 0.3 0.451616477390788 0.749778173488769 3.04740333626144 89733.3534524322
"5" "OMP" 0.144593814823728 0.0927537515774824 0 0.237347566401211 0.760063480941858 3.90260211573793 54046.6054561204
"6" "BO" 0.065821916094674 0.0518239506491191 0.152956881100829 0.270602747844622 0.721963073007668 3.35963533051886 72241.7176899441
"7" "BM" 0.0652512019449249 0.00602011702349526 0.14687008005299 0.21814139902141 0.721687029872107 2.75201057470971 71517.6572396177
"8" "BP" 0.278272173255788 0.0508041567052031 0.07185385081149 0.400930180772481 0.824721056427666 3.34610694223564 62594.0396777012
"9" "OM" 0.0560300456733317 0.0388470875376974 0.00348177060828778 0.0983589038193169 0.717226939138722 3.18748678627921 54460.7823570502
"10" "OP" 0.000257674261171043 0.0516059264996238 0.00123429045650316 0.053097891217298 0.69025094723621 3.35674306452033 54193.4314977053
"11" "MP" 0.259096210826553 0.0298291175565387 0.0154476711502513 0.304372999533343 0.815446023035396 3.06785614897311 55884.1959476834
"12" "B" 0.00780567637042573 0.0146502560600237 0.19853245765376 0.220988390084209 0.693901766425423 2.86649632207161 77663.1980740476
"13" "O" 0.3 0.1 0.00257371049945971 0.40257371049946 0.835230376068739 3.99872943914611 54352.7633161527
"14" "M" 0.0520239720033374 0 0.00666207629828873 0.0586860483016262 0.715289280614504 2.67214887216659 54839.0982494178
"15" "P" 0.185581334093817 0.0359318889186814 0.0133781213303018 0.2348913443428 0.779888332565307 3.14881432791049 55638.0109380489
"16" "None" 0 0.00738867977505794 0.00599773962732311 0.013386419402381 0.69012631529737 2.77016566221886 54760.0715315463
