"model" "SSB" "yield" "growth" "rank" "SSB_error" "yield_error" "growth_error"
"1" "BOMP (Full)" 0.00413009638157052 0.007069134909253 0 0.0111992312908235 3.55081726705066 10.5603297944808 130591.046453315
"2" "BOM" 0.00336543416716498 0.00345419053635413 0.00874214738051889 0.015561772084038 3.2602867706338 7.90375584179161 131253.171069183
"3" "BOP" 0.0070230591917998 0.0101502876334801 0.0840095700463058 0.101182916871586 4.64998746996809 12.8246274508443 136953.877217306
"4" "BMP" 0.0296855318513239 0.0220223688157623 0.0461230319772719 0.097830932644358 13.260507654915 21.5492600812964 134084.375208977
"5" "OMP" 0.00844902109583777 0.0128037954789459 0.393625646829125 0.414878463403908 5.19177626513401 14.7746546430658 160403.999593769
"6" "BO" 0.0034087409815581 0.00376530208179183 0.0148346792585599 0.0220087223219098 3.27674102984372 8.13238752812871 131714.615512272
"7" "BM" 0.00283709246375864 0.00431022902266242 0.0405891261744364 0.0477364476608574 3.05954535242771 8.53284700078016 133665.240745273
"8" "BP" 0.3 0.1 0.156429889072447 0.556429889072447 115.96546043063 78.8539714482193 142438.945568252
"9" "OM" 0.00129856942736602 0.000223003482844375 0.384430194778701 0.385951767688911 2.47498938367304 5.52919997670727 159707.541973964
"10" "OP" 0.00236506215197585 0.00232770489460738 0.371674673726364 0.376367440772947 2.88019923302691 7.07591670922343 158741.447019332
"11" "MP" 0.198854537675498 0.0647839697390314 0.568778569557521 0.83241707697205 77.535627197278 52.9741849126986 173669.969227048
"12" "B" 0.00433305835312492 0.00566271139852013 0.0046509599352739 0.014646729686919 3.62793189523362 9.52676809071759 130943.307165302
"13" "O" 0.00118609547247016 0 0.406546610359147 0.407732705831618 2.43225533282777 5.36531771939655 161382.625055176
"14" "M" 0 0.000326763595336933 0.433491626283834 0.433818389879171 1.98160287488928 5.60545188648556 163423.423218616
"15" "P" 0.224435540424207 0.0741577084695563 0.6 0.898593248893763 87.2550317754175 59.8628193098186 176034.660273624
"16" "None" 2.49047444369336e-05 0.000360850501083674 0.471095658157214 0.471481413402734 1.99106533769715 5.63050189461666 166271.528389517
