"model" "SSB" "yield" "growth" "rank" "SSB_error" "yield_error" "growth_error"
"1" "BOMP (Full)" 0.0120365050171209 0.0181092352933373 0.0603373122667367 0.0904830525771949 4.610116058693 12.8929672700494 132159.561375345
"2" "BOM" 0.0052479350129423 0.00685469569324753 0.0442487921531667 0.0563514228593565 3.13297554833017 8.25614867586539 130880.598034722
"3" "BOP" 0.00748344639915525 0.0123257380127505 0 0.0198091844119057 3.61940559588362 10.5101929689288 127363.022606328
"4" "BMP" 0.279556357658199 0.0942518136709033 0.168927735675678 0.54273590700478 62.8203740981908 44.2633596428652 140792.000512216
"5" "OMP" 0.00294269997085284 0.00240182380827397 0.407470897341217 0.412815421120344 2.6313741706494 6.42158592275198 159755.084548087
"6" "BO" 0.00481834661862712 0.00576777321722462 0.0358120827500779 0.0463982025859297 3.03950042475715 7.80834161077502 130209.918446677
"7" "BM" 0.00523316161026837 0.00864374772745283 0.0910676342845931 0.104944543622314 3.12976096977355 8.99322989223959 134602.480613965
"8" "BP" 0.048706480843773 0.0418018047623651 0.219180458825007 0.309688744431145 12.5892201666615 22.6541970103674 144786.86083627
"9" "OM" 0.00140516586721442 0.000226510024563048 0.510932267425433 0.512563943317211 2.29681860016096 5.52536664067535 167979.787539675
"10" "OP" 0.0104873987911101 0.021804103016009 0.372150840300454 0.404442342107574 4.27304248356786 14.4152357917575 156947.302488273
"11" "MP" 0.0498287227284204 0.0213284129841433 0.584853933494825 0.656011069207389 12.8334113511405 14.2192536846969 173856.219946951
"12" "B" 0.00497791591999747 0.00650096945357629 0.0838246433540902 0.095303528727664 3.07422147486334 8.11041509069543 134026.696153295
"13" "O" 0.000874006202793543 0 0.422157339676263 0.423031345879056 2.18124235106817 5.43204555149862 160922.58915498
"14" "M" 7.46073037899163e-05 0.00115366502408186 0.536508138255268 0.53773641058314 2.00729931196997 5.90735023966906 170012.951619711
"15" "P" 0.3 0.1 0.6 1 67.2687531034681 46.6315859942458 175060.262561064
"16" "None" 0 0.000481695526176612 0.489443487549122 0.489925183075299 1.99106533769715 5.63050189461666 166271.528389517
