"model" "SSB" "yield" "growth" "rank" "SSB_error" "yield_error" "growth_error"
"1" "BOMP (Full)" 0.0133655387662964 0.0120032833682405 0 0.0253688221345368 6.2014815587944 12.8107139950069 130013.440312887
"2" "BOM" 0.00834120987872358 0.00569682918048128 0.061907512776258 0.0759455518354629 4.61596305444756 8.94015789254439 134243.175787595
"3" "BOP" 0.00997417200762816 0.00951848991126863 0.0680297922675142 0.087522454186411 5.13127400048847 11.2856838922102 134661.471105706
"4" "BMP" 0.0896019883771498 0.0299145422996365 0.109463628520197 0.228980159196984 30.2592819672601 23.8036635187286 137492.374160794
"5" "OMP" 0.00685897621832262 0.00264073936252427 0.431696453411658 0.441196168992505 4.14821722233369 7.0644973799339 159508.435692526
"6" "BO" 0.00704590828541187 0.00455289071899705 0.0351116228871239 0.0467104218915328 4.20720704128421 8.23807113172506 132412.387875794
"7" "BM" 0.00304922788284588 0.00459320626383555 0.0312325827333954 0.0388750168800768 2.94598173616887 8.26281460459475 132147.358430897
"8" "BP" 0.3 0.1 0.150309751940006 0.550309751940006 96.6542071742697 66.8182780579973 140283.122641636
"9" "OM" 0.00489873614077644 0.00051830924333068 0.439888790036338 0.445305835420446 3.52962775785832 5.76186604300289 160068.164476452
"10" "OP" 0.00680034791221031 0.00367110425681411 0.453309853525054 0.463781305694078 4.12971599235857 7.69687890695705 160985.137971279
"11" "MP" 0.00614307290087865 0.00434321729832144 0.513590639174959 0.524076929374159 3.92230088951992 8.10938507237092 165103.72982019
"12" "B" 0.00344020411650595 0.00422901588759517 0.0761357036132996 0.0838049236174007 3.06936140877771 8.03929450260918 135215.295015544
"13" "O" 0.00425357144168314 0 0.462783629478911 0.467037200920594 3.32603428464961 5.44375622328357 161632.419123993
"14" "M" 0 0.000577539240196233 0.556156859992334 0.55673439923253 1.98374233257798 5.79821817036184 168012.001306822
"15" "P" 0.00485568126477107 0.00251576615191625 0.6 0.607371447416687 3.51604100744122 6.98779566950174 171007.516330712
"16" "None" 2.32057753114967e-05 0.00030427230347474 0.530682843943551 0.531010322022337 1.99106533769715 5.63050189461666 166271.528389517
